-1285
4668
-3054
9286
8198
8365
2419
1141
1954
-5248
-2611
-7123
-2555
-4806
4894
7011
-5946
-9223
3067
-7530
-3029
4177
3667
8711
-5805
9572
-4380
7425
8103
-5272
4679
538
-6884
-8376
-176
-8687
9990
-7758
6175
5664
715
-2715
8542
-8119
2479
3435
8892
6533
7933
1958
-7277
-1375
-145
6390
-2665
7771
9682
6676
5196
-8495
-8597
-126
2043
-5481
5219
-4413
-447
8929
1550
-4273
4593
-7735
3012
6855
-5854
-789
289
-3242
-535
1943
8716
5909
-9433
-1430
2299
1623
-3660
5701
-1702
-4744
7206
3422
8851
2970
-8339
7791
8557
4935
6719
107
-9339
1311
6093
7395
-1835
-9762
326
-7825
717
9791
7839
-568
5700
8406
-8278
1719
3749
1783
-2581
-4233
-9240
-1654
9189
9611
-8685
-5430
-8879
-6408
9505
7841
3699
-6114
2872
-209
-4999
-5242
3750
5328
654
-5534
5118
-1508
7619
817
618
9341
-3744
-5634
4845
7397
133
5605
-4258
3042
8936
778
7612
-9943
4370
-9164
7898
1790
-5278
4490
-8420
-276
9248
5331
-1228
-99
-6483
-6111
-7887
-8864
8428
2731
-5803
-5317
7097
9042
-7921
950
4646
1542
-6009
3582
-3960
-8398
3639
-9590
-7562
5257
2200
882
-254
7501
-9395
-1006
2831
-623
-7385
-9931
6987
-5271
-8795
9135
-8820
-4598
-6182
8278
-5556
-382
2948
9090
-8840
6940
6392
-2800
8542
30
1331
-5299
-993
-2749
5583
8754
-5248
9909
1468
-8697
3006
7804
-8628
3713
-3747
-3702
2848
-2566
1701
6666
-568
9866
4
-7621
-7325
1164
9319
9068
-7915
-8419
2818
3416
3
-8175
-9333
-694
-9422
-4581
-786
5767
443
-4060
3570
1816
9653
-6456
8114
2500
978
3535
2886
-5870
3400
-7110
-3491
6076
7775
-451
8864
9860
4851
1681
6997
-5147
3506
-8616
7880
7805
524
-2907
7292
-9034
6754
4583
2782
-9874
8127
4617
2627
-896
-1849
-767
6955
-4728
5844
-6537
-8653
7340
6733
-6069
-9081
5304
5612
7916
-6123
2839
-6980
-8244
4364
3544
-1151
1656
4511
-677
-3762
1013
-550
-5636
-650
-4203
7189
7502
8751
4143
-7227
4595
-8674
-2159
1934
-8220
1772
2853
7084
1104
4490
-9039
-6058
7510
-7283
8307
1054
5288
-38
-715
-5390
9921
-9703
7781
-1995
-352
-6423
-4807
870
-7672
-6944
7364
-9357
-5618
-1075
2577
-117
-9304
-850
-3033
1800
-6361
-2072
9464
-5130
4366
-8510
5924
-347
5173
-1071
7985
5093
-774
9486
-6903
-7406
-6937
2011
7185
-888
5067
4548
-245
9449
-6528
-3948
-668
-2111
8923
-9981
-6590
-3717
1668
-7127
1153
-3967
-5637
797
9408
9536
9726
-8888
8349
2672
-9403
-8555
5267
-2619
3456
2451
-9787
2243
720
3689
1691
4192
-6539
-5257
-7919
-7616
-1517
-788
-1333
-9850
5806
-6460
-95
-9832
4337
-688
-6576
4062
4145
-4507
-3267
8463
-3062
-4280
-4156
-5886
-8108
-222
6357
2612
-6533
1768
524
-3072
-9768
6326
3033
-1285
-4463
-4580
-1134
-8658
-1040
-7509
-4769
-2983
1803
-1345
-8922
-332
4148
1533
-1870
-5194
7253
7695
2641
-7135
-2527
2718
5477
940
-1793
-3999
-8412
-1561
-7674
4622
-9126
-2136
-6238
3461
2927
2723
5952
8159
9740
1475
534
-5461
-8858
-1597
6072
-727
6930
7045
-3033
-429
9911
4440
-3991
5387
-900
4216
-4892
689
-3625
1156
-969
-2750
-7260
2793
-9290
5667
-4485
6663
3825
-1024
-1863
-1920
3515
-720
6483
3307
-7727
3412
351
-760
-3297
3982
-2599
6434
3090
6501
649
8198
910
7025
-647
9941
-5726
2093
6455
-1295
1481
-4310
-4633
-4695
4666
7226
7106
1901
226
3588
-4793
2499
721
9280
-4541
-8856
3261
2860
7578
71
3082
-1773
-1731
-6009
-1028
-8658
-2347
6967
7157
-5893
-4329
-1363
-203
1039
7663
-5537
1985
4769
-9916
-7790
2077
-4708
4709
-3482
-1708
-9833
-2337
-4727
6749
-1039
5345
-170
-9092
-2666
3821
-120
-1324
-4806
567
-447
-699
6239
-8090
9099
998
9574
-2718
-7018
8063
-2634
-4808
3860
6379
9901
-9622
-1609
-6212
1762
3665
-9464
-5557
-991
4087
-4648
6343
1629
8953
-1261
6823
-480
8293
-3876
-521
-6077
-1057
-9524
-6504
6225
-6542
-4721
-2689
-1350
9140
-2589
2271
9518
5802
9780
5000
-534
-9684
9443
-7805
8124
-1485
8538
-248
-2532
998
-3425
-9292
3011
2699
187
6934
-4638
663
-5849
-8414
4121
-570
2618
-3509
-1431
-6251
-7518
1807
9552
-7739
-3194
2738
-3702
-30
4934
-5578
8485
7192
4174
-327
-1811
-5531
381
-5080
-9112
-5712
-8146
-3750
8672
-274
1557
6513
9156
-5825
-6997
-2275
-2076
-4515
-6748
1196
1468
3780
-6066
7766
-6251
-7412
-7813
-4046
9780
-9918
5628
1690
-1728
-271
6610
-839
7739
-7816
5411
6410
1910
-3032
2923
4787
4864
9647
-3768
-3492
-1147
-516
-8575
-9680
-6737
-4641
8086
733
1668
-6006
6688
1447
-2203
6036
-6864
6069
-515
-6533
-4771
-2777
-628
-9360
-2646
-8718
1329
-9724
9790
-87
9923
-3979
-9859
-1225
5505
-8434
-905
-7511
646
902
6943
-7687
4896
7351
7482
-7308
3386
-5662
8761
-3408
-2195
-2289
3815
7178
2072
-8832
-7820
-2879
-4835
-8031
7034
-1191
-2010
-9105
7584
-2785
-3817
400
3425
-9451
-8699
368
-3416
9918
-2282
-5935
-3670
-5175
-1597
-1189
1417
9930
6522
-4769
7107
-1407
121
-6993
5714
9007
-5024
6468
-2185
6687
-8916
-4601
-2378
-2733
9520
-8953
1537
-5459
1415
8121
-5542
-7147
-4094
4509
-2322
8031
-6681
9095
7960
-6438
-1953
5066
5876
8168
-8207
1590
-9106
-3231
1778
-1290
-2824
6583
4109
4798
-2430
7349
9566
9108
-8111
980
-9052
68
7555
-3145
-5424
-4768
-5115
1616
-5673
-7156
5178
2374
-8370
1054
4262
-6577
-3636
5156
3913
-8138
-6135
-5191
-7834
-8306
9607
-264
9043
-7107
2564
-5348
7594
3513
4720
5148
-5912
-6984
-9620
2694
8354
-5293
5538
7252
-9199
-9112
-1695
8784
-1968
8390
7660
-4335
-6027
-4754
474
-3861
-3060
3801
5875
-296
6694
2160
8077
4288
-4328
6518
-565
-240
-6746
-185
-7547
-8393
8243
-8289
8860
-7236
-3680
885
-4732
4352
-725
-7072
-6263
6969
-1826
4211
-6893
8835
-1989
-7298
2259
-1574
4862
336
-7287
-5746
-3147
5869
7735
107
-595
-9813
5436
1368
-4381
4295
4133
5660
-4821
9401
11
8175
-7672
7469
8864
4223
1679
-4309
3058
-6589
2115
-4684
1837
697
9373
8271
4952
-54
4139
2686
-9947
-6457
6595
9210
4912
-4066
3504
-956
-8406
-7597
2165
5326
-5701
8215
2795
-6838
2437
-1806
-1146
-785
1605
-9032
4532
-2838
1665
7625
-4568
337
-2429
9572
-3256
-2376
-6886
-6662
554
-8254
2993
-5943
4511
4587
181
-3324
-87
4480
-1389
-3572
7643
-5232
4622
217
3984
-3773
4906
2236
3389
-3430
-140
-7458
-9372
7431
-7887
-2628
-1225
-1052
4431
9329
4416
-2577
-2894
-1074
-7990
7288
9323
5644
1767
-2067
-4208
3130
2702
-9587
-6654
406
361
8252
-7359
-2529
-1457
2501
13
2892
3653
5847
-9737
-7573
-1485
8415
-8244
-7070
-4163
2583
1857
1568
-130
1179
932
-4642
-7167
6724
8488
9256
-9142
-4445
-339
1219
-2473
6023
-7590
9791
2244
6144
2682
-4104
1990
6666
-1676
-9495
5080
3801
-6565
-9083
-3617
9013
6206
9975
3913
-2862
-4668
-9534
-2418
-2460
9722
-1560
3095
3103
-6620
-5657
-875
-4210
-5867
-8632
-8066
-9464
-2735
7645
7202
9310
8150
6003
6831
-4694
-9360
-6787
-1961
6846
-3092
-8049
-2296
5961
-7583
5287
-6499
-4141
-6274
-9684
8962
-2894
-5341
1807
6618
2514
3176
8552
3050
-5839
6196
3972
-2809
8067
-26
-5979
-2907
614
955
5132
1181
7864
-9196
8885
3824
-3058
4171
-8955
2802
-8382
-8638
5484
2445
-3979
-2709
-938
-7745
-5813
1334
5305
2069
1251
2998
9260
3038
-7029
-6720
-9870
7307
4235
8983
-1513
5819
-6493
1092
3364
450
-1016
4409
-3028
602
5771
-7545
-3233
-4487
3467
5830
-2232
7654
884
-3206
-278
-7866
9792
2702
8893
-3517
5982
-7257
-6211
3938
-4553
5997
3477
-1046
-2911
-3160
-6876
6073
-5030
96
395
-9260
6273
7162
-26
-261
6712
-8537
-2607
-2404
1978
-9165
3451
1769
3538
6065
-8028
3240
8808
-517
898
-5746
-4521
-5625
3209
6289
4936
6333
6082
9906
150
-3524
-9354
-3578
-2641
4341
6161
-5930
9525
-2726
5387
1502
1831
2559
-3009
-911
-1377
-1036
-7672
-2570
8447
3227
1685
-6075
-8678
-1386
-6065
6258
-1333
-9984
6164
-7463
214
-9470
-1041
-8707
4871
-1159
-4637
8117
9836
-5529
-382
1666
7030
6610
-5525
-627
-4427
-3196
6803
-2260
-6249
2208
5386
-4927
-5458
9321
-4949
6931
-6942
-8786
9468
3272
-8256
-1573
4565
-9664
-9012
-6352
-7827
-9177
1840
1791
6211
-1131
2121
-9315
-8038
7694
1210
-7514
-4567
8682
8415
-5460
-2525
-7043
-6140
2527
9888
-3082
3741
-6925
-9811
9207
1502
8475
-6737
6211
-4156
-4564
-9245
7684
-9053
6966
274
3069
-8629
2236
4483
6303
4722
-6363
4984
3137
-1823
-7541
9815
2037
8707
-6578
-7324
6168
-3503
-7135
9095
-8280
-4939
-7643
7931
905
1514
8686
-1412
6183
9372
8862
-749
-5536
4819
-6267
-9234
-460
1091
9471
-3603
9268
-8071
-68
5026
-5644
3354
7702
-9476
9852
-9434
9619
-8429
-652
-4303
9502
-6027
-9069
-8092
2562
7114
-5000
5144
85
-536
3683
7540
230
-6777
-1370
3422
3341
-2102
5351
-6727
-7077
-6572
6627
-9376
-6048
-9802
-5089
-2709
-8231
7981
2988
-5008
-8047
7641
621
8236
4754
5621
7101
-1440
-4915
783
-3901
9036
7727
4729
2457
1068
-3653
1529
8062
2991
8678
8409
7336
-7371
8608
-7753
-80
-5903
-6052
-3371
2810
-4099
-5731
-6570
-2142
-7257
-7228
-5042
5024
-2143
5741
-8878
613
7189
9573
-3209
1977
-4081
-7960
38
-7369
-9283
-1554
9967
-2933
774
-7787
-9293
4872
-3839
1057
-2319
5784
9047
4833
-6359
-8210
7605
2320
6814
-818
1781
-8343
9795
-1031
-8771
306
-9055
869
6067
983
3500
6784
-6850
3467
-2429
3924
9401
-1721
2516
-717
9336
-9803
-4934
8383
5030
2428
-6107
2634
-5253
-5573
-8185
-9752
-3916
-4670
-782
1034
9358
163
-8097
5424
-5133
9124
5929
1738
2590
-6501
-4339
1991
5499
-8102
-5006
8556
-4184
60
-9342
-5434
-3792
-1728
7200
4676
2699
-7265
4924
-7496
1786
-5859
3538
4864
8026
9162
288
-3387
8286
-63
8351
4596
3436
-2268
307
2656
-370
5301
4932
5446
-919
5590
-9989
5289
-6139
-9069
3685
-9720
-2613
-1391
-7216
-7106
6471
-9957
7758
8217
-7075
-1955
-5171
-5069
7982
-3100
9528
5139
4633
3555
1515
-2017
-1144
-3554
-6571
7937
-7965
-2839
6947
-383
-1907
4352
-103
9201
-3319
6403
-7906
-3127
6446
-6427
-4911
-6909
5339
3640
-1977
7042
-9461
1271
5901
8893
-5175
-2585
-3124
7402
7582
4026
9060
-6663
-8814
9727
2954
3000
4078
-3429
5922
-9241
-7027
-8264
-2368
-6861
-4691
6442
-3769
-9352
3802
7975
7690
8063
-755
3590
6955
7791
-5275
-2449
8914
-7694
-8424
7973
-4357
-3516
7699
8597
9484
5497
-1112
5405
6256
1862
-9138
-2392
5001
-3829
-2229
-5048
-3181
-8428
-3353
-1771
-6645
9613
-4461
-9690
7404
264
1582
-9963
2570
3159
8010
8213
9643
9429
-9471
-7154
4925
-582
-8028
4902
-5000
-7166
-3770
-6279
-995
4001
2395
9546
9295
9042
1495
-3630
8655
7035
-3320
9779
-2702
-8017
9816
-6411
5142
7825
-4478
8505
7253
-3948
-4929
5898
9191
-2957
799
-2089
3598
-9250
1632
-3676
8472
-5974
-410
7766
-6932
-8916
-2143
-4557
8119
4537
-4779
-862
-9760
-4964
2727
5382
-3419
8249
7607
-2446
-1979
-7322
-6549
932
3442
7972
8843
761
8722
475
7085
7193
8222
-3326
8680
-4990
1479
-3464
453
3319
-5207
5674
-7544
-4966
-5570
5183
-5864
1011
7152
-8257
8565
-4827
-1858
-4263
6105
-8417
-6292
4948
2344
-7571
-857
3149
-6658
-2636
-6457
-7979
6096
5023
-1443
-3452
-1659
3351
-4057
4518
-7895
373
-300
-3759
-8616
-3149
1705
-6331
5745
9847
-594
1850
-8570
3114
518
7495
9264
-6619
644
-7394
745
7908
-5373
-3160
2930
6906
7110
-5009
3977
-6948
9509
6082
3425
2929
-3957
8530
-6499
7749
-7801
9246
7595
5326
4816
-7255
2161
-946
-6039
1424
2435
4605
7751
-3099
6233
-3901
7462
-837
-6996
4571
7875
-9299
7623
7384
-9497
4769
4033
-3454
3298
7534
-1985
9218
-9500
-4390
4544
9037
2076
-3296
-1909
6037
-8152
-9475
4362
9600
1147
595
-4302
-1391
-6522
2423
-6821
-8648
3124
-5477
-7544
7348
9292
6490
-2386
6310
7744
5630
5528
-8036
-5040
3792
-8999
7036
-5784
2813
6794
-3936
3338
1155
-4337
-5515
-4530
5082
6815
-1052
-2496
9994
4022
-5652
-5484
-9802
-8305
-2472
-9592
-690
-2441
8153
-1340
-6914
-6163
3620
-9402
-5162
4376
-5186
7651
1169
4599
4710
-3955
-6017
-7085
1515
9065
9730
-5816
290
-6557
8206
4638
1681
8404
-9946
9209
-7467
3085
-3233
-9315
-8256
3574
-5478
9085
7893
3082
3460
-7294
4453
-1650
-8974
-838
4395
-4991
5798
-370
-5927
5527
3814
8084
8971
5740
6443
651
7865
6497
3580
-9603
3302
-5932
-5197
8767
7642
3046
7851
9256
-3873
1310
-8039
-5699
9660
-3292
3463
7775
1717
-739
-2595
9512
-1492
-5061
7595
1199
-5600
4037
-8151
-7736
4254
9151
-3618
1276
-6782
4906
42
-5420
-2049
-2108
-6165
7800
9203
-482
-7900
-7418
6226
9284
-9643
-2057
2265
1483
-2546
-9227
6422
-4952
1972
-9179
-7194
7543
-3194
7060
6693
6909
-1664
-6369
1814
-7902
-1789
-6514
-9
5768
-8715
2914
-4715
-2894
9217
-8490
-3611
9574
3174
8655
4777
-9373
-6852
1199
-603
8841
5741
5924
-9897
-7453
6704
-9484
9456
-1240
-5853
4991
859
6080
8477
-9151
1847
-6518
7484
7132
588
6700
-7638
-9303
9995
5537
-6928
4771
6164
-3780
-4031
-719
-1218
-4569
-4796
-1115
-2022
-8092
-598
1154
668
3549
-135
-8474
-372
-1659
-3904
-4805
1823
-6421
-7674
-3869
-9721
-5311
-3171
-9727
-9775
3622
8765
-9891
-6437
-1545
-609
2345
3886
8316
-8771
-4416
-9777
631
-9542
4613
-2099
324
9860
-8751
-7615
-4044
-3555
7930
3256
2492
-5940
3535
7181
4610
7529
-8874
-1768
-9986
-8764
1795
-1531
4348
-2140
-3925
6384
-911
1659
-9672
-6559
5838
4941
5063
-3839
4800
6312
-1453
-5524
-3523
-3524
7733
8970
4257
4988
9871
2588
6238
-9003
-9181
6252
-4046
6335
-1559
-5978
-2085
4516
-9595
7004
-105
-9267
-5835
-4268
9395
9228
1894
7916
9261
-5839
-7609
-4263
4358
-6156
-1573
-1386
-7447
-1702
-8799
8791
3016
-4259
8763
8970
-4204
-2797
-3288
3711
-4561
838
4436
5334
5293
8601
-8935
4687
-8451
6680
6323
-9191
-9160
-7565
267
5198
0
8695
-2467
2553
-3008
2455
1343
-9993
8197
3826
-7303
-2287
-8972
3130
-8576
-3533
-6033
5860
-4479
9260
8181
-3413
7668
9730
-6734
7711
-5741
-2172
-9855
4527
-6975
146
3221
4279
-3581
-9788
-3266
-8517
-6060
-5070
5309
358
6364
-9942
-6513
7788
246
1175
7368
5768
4156
9270
-7646
1823
8999
-659
3254
-6742
7169
7121
7785
-6085
987
4726
8194
7406
8659
-5073
8889
-7402
3578
4198
6677
-58
4256
-9837
1450
-5499
5059
-1182
-6011
-786
1808
-3657
-5243
806
9406
8012
7785
6574
5132
9290
-5791
-3882
4015
-7597
-6477
2673
-2670
-3867
8992
-9092
-9670
9389
4571
8307
-6728
-3980
-7193
8332
8559
-3203
-2455
366
6861
2303
-5107
9987
4035
-7323
-9719
-834
-4312
-5510
9005
-6577
-3107
-3752
9818
4224
2381
-7471
8853
2711
-8082
7144
1017
-4810
-6837
7546
-2758
-4557
-1937
4788
9530
-1356
811
-5578
-1369
-5155
821
-1088
7732
-9771
3402
6736
-6348
-9705
-7017
-6531
8240
5365
-4001
-9188
1796
-2083
7956
-3466
6828
-5161
-5921
-5930
4003
2142
-7422
3533
-9215
3389
-8325
3137
-8046
6217
-7952
9686
6446
5451
-9859
-6181
9467
-3155
-2712
-8574
-4070
7008
-7762
7727
-5076
-6086
-5740
-4527
2474
2060
-457
-3523
-2078
5842
-6270
-1293
-770
-874
-4435
4905
-4657
-2387
8311
-4491
-3216
8452
-672
-29
-4704
-9663
1397
1227
7345
7356
2674
-4010
-5010
6934
1463
7465
2714
-5274
-2338
-9365
-9433
5113
3063
3518
-5762
8628
2143
-419
-3759
453
8812
6746
-1096
-1861
-3283
7921
2197
-8166
-853
-458
-7089
-8180
5532
-2099
-7526
715
-914
5188
5441
-9532
5823
9729
5581
2607
6967
9820
1234
-891
3121
-8805
9562
1932
7942
2186
-6208
-1621
106
5989
213
-7026
-4470
6845
-1485
-5218
-5254
990
5497
7553
-102
4658
8022
-558
8107
7323
-7952
8794
7142
3282
-2098
3984
8199
1184
-4085
6140
-2910
-293
-5482
7197
-4304
8452
-9830
4947
5297
-1315
-6550
-6237
-6605
-7333
-8685
3294
-8954
-6943
-3544
9153
-5899
-1496
7947
-5037
-4494
-431
8947
-6296
-5526
-5138
-6436
1564
8290
1803
2481
-2294
255
2651
-7347
-4449
-4943
-176
3035
-1548
2491
8071
-4534
3537
-5151
5643
2690
-1050
-2133
4357
3913
3374
-2354
2860
-9202
5841
-8558
-1916
1126
9732
9887
-6394
-2562
141
9979
3812
9413
-4965
-6365
2447
7208
6126
518
-3605
-337
5367
-7963
-3927
-1963
-95
-5850
-8051
-3001
5517
8530
1518
1358
9972
9602
-7517
9704
-6791
-3911
-2859
3350
-3933
-9048
6484
4823
-5413
-1070
5752
-5567
-6832
-7854
4096
-7745
-2096
-6111
292
-8471
-1961
5963
2249
-2723
4492
-6233
8635
4464
-2911
-5162
4167
298
927
-4972
-2631
-9285
-299
-6148
9259
8009
6503
5010
-7559
-6608
-9124
-9742
-4353
-1219
-5853
9661
4031
5908
5623
-3720
-6816
114
3768
-4461
-1702
-5423
377
-3815
8597
-4976
4934
-4035
-540
-5366
3538
-1281
-7358
40
-2551
-4916
3432
-1674
-4658
-7200
-9173
3210
-7540
4858
-883
8083
-5142
6022
1917
-7654
-8440
-6064
-3076
1937
121
-4480
6962
-4945
5206
142
-311
-1257
8861
6053
-7497
-3690
-8864
9657
8357
199
-7544
9184
-6592
-1363
7762
6247
440
-3659
2268
-7644
-1313
3829
13
5611
-514
-9866
-5149
168
-1090
-9944
-9690
-7681
2520
9171
8372
8745
-799
-6772
8401
-2443
3427
-5423
461
-9444
3214
-1777
6803
-6347
4564
-930
-270
-6750
-3381
9744
-7418
6106
-6402
-2567
-3727
6229
1211
304
-7732
-2549
3196
-5639
-3805
-7604
-2411
-5405
-46
-5263
2893
-5865
-986
-3894
2358
-4184
3480
642
4886
-3069
7614
-4774
395
-9805
-8669
7714
1349
1325
7663
-3720
-4650
9931
3732
8546
-5709
9927
-9059
5602
-1757
4616
-5941
-8865
8752
3073
963
4830
-7391
-1837
-807
-8785
5094
-3194
-3559
-791
722
1493
-3078
-4209
-3461
-5416
2072
1889
-1764
-4197
434
6248
-550
5096
5570
-8587
3433
9629
-7451
2184
6422
7233
734
9031
-4605
9927
-9754
-5790
453
-3313
3419
-8826
-8099
-9659
-3034
-1560
-1354
-7242
-5951
6882
2282
8204
3130
-8269
3299
-1301
-3134
-3269
2049
-585
-7365
-1530
368
7091
1222
9484
-9263
1468
-6307
1191
-8125
-9167
6086
-2503
-8826
-3228
5937
3541
-470
-6294
423
-8189
-8091
-2727
-2736
5209
9693
4130
-4340
1741
-2735
2017
-6068
-8647
-893
5154
-9164
3565
342
-5470
-5245
5938
-4637
-9159
-6565
258
-2387
-6908
-2481
-9136
-3201
-8338
-3604
-1292
-1065
3660
-2363
2349
1510
7019
-5911
-7505
-965
1742
-6152
-8138
616
-5315
5427
-5322
2936
-6097
-5663
-7981
-1535
1493
5998
9799
4585
-6484
-9338
-4896
-4821
-2941
7534
4114
-9282
-4830
183
5950
-4091
4273
8445
8665
-265
-3986
-9474
-5928
699
9675
-1250
-2645
-2702
3087
-626
5763
-5421
-4629
5561
-7115
2608
9945
-2011
7787
-2997
-4478
5622
1442
4414
-4196
-2609
-5957
-6203
-443
-7292
3533
5571
-3045
7605
-10
350
75
-8935
7648
-6838
4160
7131
1462
-6749
6413
4347
5859
6357
-3943
3646
-6641
5300
2988
8522
3434
8792
-4087
7478
-3690
9191
-9815
9843
8482
861
-8833
2192
-8789
4963
3257
-7421
-8155
1137
9711
3308
4388
9844
1375
3967
6200
7432
-2388
-6721
6453
-5680
-8200
-114
-6888
1434
1084
-578
624
4990
2985
2826
-4149
7873
-1262
-2938
2835
-4285
-359
8402
6852
3072
1709
4960
2915
-3196
-1073
2835
-2043
-9741
6114
-5591
-5420
7915
8016
1413
3069
-900
-5445
-2586
-5911
7540
-9761
3661
9133
-1022
-9278
5688
4693
4085
4089
5266
877
-482
225
-6208
6323
9152
6627
-2000
9412
6462
2409
-2288
8097
4145
9125
1165
-3035
-6321
8579
1055
-5061
-7461
-1564
-5929
1517
-841
-6521
-70
-3036
7569
-1084
7841
807
9142
-4647
850
-7987
-4299
8850
-8576
-7838
1258
2857
-6021
-876
1981
5144
6089
5660
3723
864
-5681
9983
9301
-1610
5220
2180
5591
-4851
-7136
3159
7787
-9296
-2314
6928
-221
8537
8941
9201
7386
-5914
-8638
2365
6943
-938
-8512
2645
-5795
7577
2025
-8352
2162
6345
-8370
1462
-1545
6850
-2638
-5955
-4280
226
-9076
-6494
4651
-1389
-5846
-5571
-2853
-6906
-6371
-5468
901
-1288
6897
1565
7774
-7895
-2070
-4300
-6597
9955
-2652
5565
-9981
2700
-2974
-1525
-451
4388
6241
5269
-1666
7166
-7505
-7016
-4224
-3351
1135
6644
3465
8485
-8825
-5635
-2803
-8207
9651
-1309
-2381
-2420
8112
1022
1256
-4540
-3414
1275
-8120
7333
9750
1429
5441
5991
419
-6226
6877
6635
-3241
-7348
-6716
7894
-6984
6749
6378
-2088
-5166
-2705
-295
-1794
9708
7325
5786
-8461
-1654
-2959
-3001
8654
-7963
2600
5986
-8214
-5971
1427
-8503
8169
5201
8374
4803
-4320
-5254
8087
-2706
-2238
8556
-2607
9396
-2889
8409
2821
5317
-8164
145
4823
-6624
-7788
-4415
4096
-5414
-2378
-3304
-9429
-592
725
1998
4627
2614
920
6721
-2584
6600
-4812
-4497
-2385
6671
-2221
5008
6066
4890
3416
-1113
3927
8974
-7248
-1250
-7651
-1315
4335
6445
3271
-4323
-6860
3843
8806
7586
-439
3432
199
-5799
153
7616
-5478
9062
-3161
2137
5732
8339
865
1798
6950
-1999
-9316
876
-3026
-6564
9626
-677
2122
7681
-511
-887
-6643
2629
-7045
-7837
3936
6238
9316
-5866
-9562
3189
-4530
-5040
2250
6030
7097
-2018
4369
-2039
9780
1318
9684
-5816
-4086
-3343
1341
-739
5981
-6538
-3059
-4531
2576
4020
-8182
9252
9904
9475
5489
-7061
-2670
9649
6129
6521
-5392
-1622
2551
-4574
-9920
640
7108
-6420
-4322
6791
-2236
1592
-6552
9106
-9148
-6851
-3712
1515
2339
-7416
-745
7878
-8164
-842
7353
-8955
2097
-5318
-9307
1946
-8798
-977
-5955
7474
4449
-5875
1834
5277
-2294
7512
2068
9191
2825
9237
8296
3677
-3894
-5416
-1088
-7835
-2832
8167
-9958
2725
1045
-8885
3771
-3137
-482
8185
8809
4442
-2793
-7147
1915
-4624
700
-2530
-9347
8406
-5019
2721
7596
-8474
5678
9613
8925
-8217
-2083
-2164
-6052
5085
-276
-2289
1531
-9232
-1173
-978
1352
8345
-2794
161
6507
8135
6735
2143
-6490
-2566
9613
-2116
-4161
-1686
-5675
-2844
-159
-9998
489
-1235
-8215
8406
6601
-546
7211
45
7166
-1259
4535
-287
7763
-4114
1778
-1310
6047
-1715
545
2782
-9573
7776
-6064
-6240
-4340
3497
2074
-15
-9348
-4365
-12
1141
4400
5494
3267
4722
-1331
477
-5234
-4166
9219
9301
9268
-9299
-1092
1045
-609
-5046
-6950
-6344
-8544
-2802
-8568
-4607
958
-2908
-7390
-3247
7077
-6738
2388
785
8124
509
-3721
1390
-4770
4948
-8134
3717
-5498
-5195
6739
-6231
-4493
-4354
8535
8619
4321
-8415
-7725
9499
-1217
-6293
-5109
-6538
799
-2499
215
1596
4484
-3677
-7619
6328
6832
2381
1438
-4218
1049
7025
9500
9272
-8170
9959
-6960
1058
-4396
-4705
-324
9925
-3120
5672
9423
9385
9379
-1966
-7154
3898
9256
3061
-4506
7460
9384
1596
7508
9937
-6024
-1055
-4282
8746
-309
-1062
8017
1521
-1104
-5223
-7422
4500
72
5975
8146
6953
1647
-8712
-9943
4746
3044
-7097
-1356
2299
9685
7859
3480
-7212
-546
987
-7276
7151
-6347
-1557
9617
3344
7381
7633
-1415
-3723
-7591
4884
-5503
6202
4579
-7358
6875
-3775
-2348
6932
-9029
-9305
9835
3336
6715
9519
1194
194
-7693
-5632
-5098
-1248
-4761
2276
7195
-5145
-4381
8297
-3792
7925
-1706
2338
2808
2791
-1461
1107
9155
-4586
7333
-3194
-3934
-7976
-2499
-4099
5360
-5785
-860
274
8131
5168
8363
-3247
-6080
-6399
9029
-5165
-1544
-1632
-6869
8385
-3708
5146
722
-7180
1658
9261
3927
812
-1605
4980
-8662
4462
7004
2560
-5917
6084
-9505
3223
78
8626
-1609
-1560
-4622
6032
2041
-5594
-9134
-5783
6495
-2281
-7399
-7214
-7136
3323
-673
4522
6305
-6746
-946
-5301
8234
4113
-7119
8959
-3328
-3036
8763
-2832
-6092
-1159
-486
6020
7281
8614
2051
-678
-3260
2917
7260
-6765
-5644
9862
-3979
-2779
6905
5349
-4537
6930
-7677
8239
-8371
-5723
2351
-5490
-6765
-7256
5196
-4281
-88
9104
4560
-6854
5123
1840
-8241
-2827
-5118
-1500
-6190
-7858
1735
-1833
-4276
7756
9109
-7372
6825
-1708
9559
-7132
251
-5092
-2854
-7398
3139
4102
-933
-1666
9821
8979
-2563
4380
-4155
-3720
-59
-2395
3453
4823
6105
-9016
6965
-2161
-849
-3591
-685
1980
-962
-139
-6008
2317
2729
4244
-9055
-6405
-9434
4084
-8582
-367
-3861
-8762
2332
7297
9340
8177
-6423
-720
-4219
7030
-2177
-4394
-8266
-5212
7166
4606
1197
-3519
-3415
-6045
-9938
578
9993
6512
-1458
-5342
-9893
-892
-7537
-8475
-7539
-1398
-3516
4793
-4102
-456
2969
3196
8824
-7529
3947
368
-1923
5681
8877
-1036
287
3794
5445
6872
-8530
9228
1170
-8538
5739
9712
-3879
9567
2540
2305
-5188
5001
-9094
5018
3514
525
-5439
-3517
-6279
-2894
2675
7668
7474
-5528
3348
6350
3436
-6366
143
2601
-5773
1613
1828
9118
6797
1288
-7450
-3362
4575
5090
8943
-6892
3812
-6431
-8154
-2675
4094
-3593
7529
-8465
7234
203
9203
4707
8397
6272
4777
1832
9906
-1359
-5567
-2147
-6026
9982
-3029
-9230
4990
-479
1129
3286
-1669
3792
-9886
-7858
7361
-8040
-532
1455
-1633
717
6711
-4399
-5359
5914
-5972
-6963
5906
-7474
4869
9532
1167
-6978
-2615
5141
-3275
8077
9633
-4565
-2403
4482
8721
9649
-1726
8835
-8209
-4366
-9206
4980
-9191
2883
-4304
7521
-7796
337
7155
-3768
7095
3060
-1242
1964
2591
-6355
8707
-6304
8787
-4569
-8228
-7861
4588
3090
6621
3308
2739
-5106
5864
4530
4250
-9622
3230
5059
6982
-7354
6300
9186
2984
7175
-861
78
234
-8383
-4238
-3454
-4737
-1810
242
-2230
3621
2015
3630
1929
-1175
250
-4763
-8437
8866
-5179
6093
6836
-1080
3043
5615
-4098
5690
1915
-4913
2394
-911
7947
-3808
-6956
9565
1955
-410
-5173
-9856
-6448
6318
7486
9288
-53
-585
-1887
-6083
8373
-324
-7218
-3086
-510
9618
5834
-7468
5233
-4544
8222
868
544
615
-6323
2211
6808
-3279
1775
2483
-9969
-9678
6348
-6416
6640
7554
-3408
307
-3032
4705
4225
-939
-1898
-9273
9696
7592
-5934
9251
-6156
-6981
-5294
-7934
3887
8971
6402
7564
1182
3209
-1994
-7044
-588
-1963
-3000
-4241
5342
-6361
-6687
-4345
3947
4002
-5920
-1829
-3216
2182
2619
-3521
3494
6685
-550
-8941
9704
4157
-6875
3590
3127
-6753
4875
-5692
6457
-3399
986
-411
8359
7986
5349
7422
-4655
-7618
-6924
-6988
-9896
-2844
4904
-3112
-6941
-2477
7089
-9727
-5793
-3462
-8668
-6089
-5585
-1822
-8779
7543
1426
9817
-4429
1603
-3583
-9723
-8809
-5224
8263
-9740
-7803
-2671
-3637
-1006
341
-3532
9871
-4755
7077
-7071
2768
7886
-3076
6975
-1855
-1744
-5394
2560
-9845
-4172
3823
1581
-4356
9395
-6817
2062
9672
-1905
-9442
-8345
-1644
-7245
2705
4719
5470
-6955
-5093
5340
-1710
-4295
-8010
-5222
-6410
-1086
-8247
5456
-9110
-3641
-1984
-8955
5908
-4441
2626
-8448
-1326
9530
7335
2067
-2375
7893
3722
9702
-5632
-3574
8141
9838
3192
-3231
5177
-8518
2474
7167
-19
9785
-3920
1734
5241
692
-8186
-3023
1737
7722
2536
-1916
-7006
-8790
1334
-9672
3277
8959
8221
719
-7620
-7412
-9135
-9479
-7575
4057
1011
-8677
9260
-6516
8490
-759
-6732
-1709
-5305
-7771
8983
230
-794
4440
1673
-8258
-3756
4667
-3327
7579
4996
9950
-9743
6937
4389
-7362
9526
5254
-3120
-4329
3031
7891
-3006
6012
-4905
-795
-4748
-1637
7496
3668
593
-9802
-6102
-6481
8359
5571
-1018
-5397
3958
5655
-7819
-1047
9325
-7562
-389
3713
-1203
2857
2687
9398
8528
-561
7288
-757
-4550
-3897
8448
702
4467
9664
-1910
-1220
9862
1988
6020
8220
1279
-4998
-3457
-4763
-9344
-1276
7911
9982
4884
-2479
7415
-6320
-9623
3823
-6922
-7374
-6739
-5914
1869
-1289
190
4037
-6867
-1623
7421
1223
-9123
7282
-3068
6897
9222
8211
-8102
-4235
-6553
-7445
8210
-4921
-3743
3093
6321
-6329
-9506
-9581
-8786
-2707
-6955
-5525
1379
8635
6907
-4711
6392
-9961
3666
3812
1263
4543
4814
-8085
1440
4035
-9875
3338
-6480
-2706
9614
-4549
2373
-4130
-7736
2414
3263
-7242
2833
4477
51
5878
-7327
-4849
8233
9580
440
4624
9620
-5894
-1565
4603
-7631
-6752
6518
7530
-8996
-9637
4589
-1755
-2343
4202
7417
-6250
-6207
9682
6165
-9224
-7561
-1003
5253
6212
-1404
-8354
-8638
-3172
-8774
5523
-4827
-5434
9629
3608
9169
-4281
-9423
9407
-6752
-4698
9770
7837
7268
1148
5760
4685
4898
9553
4366
1062
-5951
-9475
-6220
-6978
-9543
2376
-5331
-4460
-7076
-4105
-8937
-1903
461
-5588
-4574
3350
131
-3997
2756
3380
5026
6246
4937
2293
-2607
696
-3023
-3988
3969
-4937
-9206
-8262
-690
-5426
-5239
-233
-9330
-570
5308
-6405
5325
6371
1692
-494
-9218
-9162
-7145
4635
-3159
9332
1735
-4413
5577
-3329
7881
-3309
-8912
-1422
6424
8778
3642
7218
-9484
-7049
-4487
-4723
6439
-3817
4707
5467
-222
31
5558
-4809
-6743
6341
-3971
-3888
4696
6592
-4557
-3570
-7822
-5260
3101
-6221
5152
4189
2358
1575
6688
-280
2514
7204
6392
8027
-7520
2830
-5791
7187
-1703
7709
938
-6146
-7101
4195
-6085
2649
-5973
-7669
2961
3191
-1239
8861
-8349
-8138
-7361
6804
9772
4997
2099
-9821
-1563
-5388
7383
-5172
-3641
-6417
-8621
569
-9231
3397
-1723
5428
-9029
4897
3343
-1392
1266
-8910
939
-5773
4281
9701
-6913
5933
-4717
-553
6457
-1225
-1835
2276
-1045
6602
-9391
-3663
-8570
-3032
3642
-3470
7537
8132
9927
-466
3560
-9103
-1849
623
-495
-6862
1714
-9556
-2635
-285
-6135
4173
-4353
-852
-6381
-4176
-8357
5505
8101
598
2107
8710
-9344
7258
-4323
4298
-6213
-3065
2429
-6287
-9811
-291
-1669
2062
-5947
7837
5200
9488
-7999
-3715
-798
-413
-5822
4850
-7545
1518
-5606
-5902
-2977
-7506
8418
9130
-5076
-7206
-9893
602
-9188
-6106
-8743
6962
1328
-4833
-3329
9659
7229
4445
-8785
6149
3932
-3063
-3846
-6867
6524
332
-8297
8979
-8150
-3902
-6923
2594
2313
-4785
5444
7238
-1991
5551
-2161
-1179
9445
2817
-4218
4493
-8296
6174
4151
8934
618
9088
8803
-1730
-3976
-5043
1404
-7452
5289
6828
-8474
-9141
-7075
-1676
3453
5239
3539
-1104
2476
-4732
-5554
-5965
4089
-2389
-9428
9872
-4176
-7724
9766
9976
-5070
384
-7217
-6267
-7626
-1193
2411
3778
5076
1420
606
-9677
2280
7252
-1353
-547
6211
-4093
8350
2407
1175
-3484
6442
-1015
7849
-9266
2577
-6328
-6989
2342
-2632
1662
-3554
151
9116
-1179
8959
1526
-7402
7755
-7054
6925
8078
8947
7898
446
-1601
4108
-9927
469
-3485
1248
-9294
-3323
-9768
8555
1133
6530
-7774
7865
-1128
-405
-474
5318
-6534
-1358
-5862
-3855
-6112
458
-6100
555
1103
-8023
3222
-1000
6144
-4658
-3171
6217
5811
7065
-2535
6517
-2538
1418
8792
8595
1669
-8982
6459
-9460
4334
-294
5858
-8480
-7932
-6283
-2334
-4044
7896
1566
-9768
2719
7264
7175
-8281
3408
-7484
2269
3345
8328
-667
-5470
8565
-9485
9670
7357
9111
1338
-7905
9290
1878
-9851
-1005
1456
-8331
1063
8894
3056
-9260
6789
-1658
-5307
-492
-673
-8133
4948
-3545
-5616
937
9800
-3568
-6010
-5670
-5004
-5495
-6001
-3927
-2664
5337
1889
-3374
935
2038
9342
-7610
7429
405
-8716
4205
4866
-8207
-7453
9559
5022
1874
-8575
3690
-7951
-470
-1653
-8152
5962
2337
-3822
-5321
-9437
3898
752
-2101
-766
-7359
8246
-9832
8400
7588
-3720
9549
-2008
-2436
3754
-3422
3078
-9979
-3864
1821
5616
1282
-769
7665
-9188
7579
9513
6774
-85
-588
-8548
4199
-6691
5926
-7902
6265
-7713
-5936
6433
-5593
-8349
-7288
-2323
3364
3997
-4849
9942
796
-4828
-3923
-7384
-5492
7360
1847
-4107
-8108
-575
-874
-7614
-6939
8538
-2440
-9020
-4432
-6515
-6922
-8168
-507
-2857
-8015
7621
2515
-1581
-4703
-4121
-7585
448
-4180
6932
9341
1898
-6732
-2431
2978
5116
3462
8591
-1739
-7412
-9024
5043
-5154
-1464
6024
414
5742
-7178
5967
-4766
3686
7953
-7145
-3799
-3629
1873
2080
2507
-7679
-8380
3160
-4618
7239
6428
2952
216
5264
-3587
2527
-2754
2722
3504
-7712
7569
-7961
-7968
1703
7782
-1424
-2330
-3264
-7739
-657
-409
2183
9435
-8536
-2017
5662
-2494
-396
-1179
2888
-3158
-4751
-440
-9221
-5767
9695
3306
1479
2416
-3191
7489
3705
2570
9521
-4592
351
1817
6799
7087
4079
-138
399
-18
-704
5584
7966
-5043
-6911
-2431
7500
9698
8132
-3531
2979
8911
702
2673
2217
-7819
-1191
-7254
9670
-7486
5316
-7090
1643
-613
8449
2162
-3526
6248
-7977
-9407
-3771
5040
6177
-5806
9997
-7014
5484
-8784
-3596
3616
-2315
9383
2526
8388
5776
-1537
-5711
-1694
4931
-2321
4541
246
4310
-96
-6646
2758
-7935
-172
-995
-2191
4142
8956
-7152
318
-6851
-3435
7025
-7646
-2218
-6572
5970
9188
-3468
2216
-8705
-3972
-5600
-4416
4334
9331
6984
-1126
3297
1294
8778
6651
-2228
-5437
199
-9502
2372
-1939
9454
8941
8379
-3677
-4494
9124
-1323
7009
-3727
-1633
6196
2805
-9417
7492
-7447
-1296
-3204
6888
1755
-6220
-518
-1228
8795
1981
-4577
287
-9736
9343
785
6358
-2596
238
5298
-497
6562
-9197
-1373
-1041
7812
8621
7327
7729
1425
7910
5220
7699
334
-4264
8307
-7912
3237
-2211
860
2031
-6510
-9997
-3961
-2525
-6933
6824
-6168
471
783
9131
-6306
1065
-6346
6042
-9977
-4813
4662
7350
-7085
-193
8980
-8145
-2494
-687
-2409
-4188
1401
-9172
7322
-4018
6580
-5468
-4015
-7382
2008
-948
-6837
5840
-6757
3946
4970
659
-4990
-7655
-3300
-4967
-2468
-8638
-3896
447
1169
-4917
6023
-7605
4397
-6387
-1792
-482
-1838
-750
5500
-1537
3783
-4794
1081
-489
7979
4244
-4650
-5057
1910
-5959
5602
6920
107
-7699
-4326
7639
-2616
5499
1806
-7726
-9419
-2172
-5331
8699
5162
6598
-1783
-2955
-4152
-2563
5508
-6649
6364
-3412
6583
4343
-5447
-4347
9286
6463
-306
4887
7104
9801
-9092
-3502
-8841
-1707
-8004
2965
567
-3702
-5487
5236
-5003
9676
5555
6935
-3280
-4877
-5629
-4052
-1526
-5544
2536
-1223
8799
-9191
4430
-8196
-9007
-2155
-9589
8097
-2355
-8681
-1685
2526
-388
311
-4510
-9822
6609
4
9136
-8395
3400
4690
-7740
-6160
9813
353
-212
2007
4809
-3956
-9217
3607
-3146
5213
9132
1568
-6943
9543
3385
4424
-9139
-8301
670
4195
2010
9881
8094
2339
-116
7229
7666
-2996
5639
9926
844
9172
278
-5648
1178
-4914
397
5682
-7587
-9029
4616
-4735
2539
-8607
-5193
-4077
9538
-610
1343
207
-2695
-2927
88
-4602
9412
-6308
-3652
-9203
4418
-8014
-9277
-4739
-8842
4722
3335
6057
-6471
-6269
5460
-337
-1577
75
4929
-5318
5189
-6544
4326
4727
6567
-4332
-1346
-6129
2741
-7538
2991
5873
-3845
-6941
6671
-9428
-4955
-8886
-446
-76
5836
-3391
-298
-6915
4061
-4839
2749
-7517
8957
1398
-2835
4145
8575
-4789
2592
5142
879
-8754
-7267
-2660
-6292
9445
-6787
3584
-7497
-6396
7877
1270
-5282
1152
-8807
-5726
7761
4616
-2640
1822
-6503
-6171
8026
-7547
5227
-1088
-9681
3801
4123
6632
2663
-1277
-8402
5397
6063
-972
8562
-7004
-7389
-8935
-3400
-5791
2335
1318
5361
7249
5593
6842
1865
-3327
-1337
9083
502
410
-8464
-4272
9322
-4424
-6751
3444
-4072
5913
-7834
-2473
5030
-8050
-9725
3591
-5054
-7114
4656
5268
816
711
-3415
-103
-2040
-4102
-3261
-6455
6292
9123
-7373
-3207
-468
-2116
6242
-1147
7181
-6788
-3982
-6891
9125
1905
4357
7875
3855
4632
1465
-7478
-8762
-158
7790
2055
-9448
-1905
-4328
2233
7715
2411
5778
4006
5255
-7874
-9201
-1493
10
-9239
-8919
-2809
-6027
-2901
4021
-3182
9004
-1623
-5308
6580
-6992
9879
9102
-2033
-280
-9389
-9979
3993
-1294
-585
-53
-3580
-8175
-555
-9574
-9200
1571
-5054
-692
-8419
-4293
389
2493
3402
-8792
-3487
-9781
-6068
4890
-1367
-5768
-8382
-1489
-6667
-415
-8049
-2335
3328
9665
6372
-7258
3332
-7209
-1712
-7223
-3062
-911
4348
1884
-7883
9650
-8688
6227
2142
8435
-8845
8655
-7626
-4913
7265
1007
-680
8883
-6762
6374
2189
-1090
-5961
-4484
-1425
-5869
1979
-8094
643
-9734
-5317
7582
3076
-7248
3186
5193
-7599
8219
5140
4544
6653
6295
6919
9028
-4897
4184
3755
8144
6787
6994
8238
-1025
-4097
-7724
4491
8199
128
-3531
-6174
-9229
457
-1491
-7927
-6468
4982
5259
-7554
-8896
7199
7586
9369
7572
7602
6287
6599
-7296
4191
4075
-9153
978
4789
9085
9953
-9309
-4918
8165
-7389
8931
-5367
-3563
9702
8811
8667
-4505
-7657
3649
-5525
-5211
4753
-8327
-3905
4121
9245
-6304
4128
9565
121
-1681
3639
4689
9297
-1573
7495
-7031
2839
-3703
-8867
5450
-4773
-512
-4393
-1350
-1702
-5726
4145
4362
7923
-7660
9151
6396
-5987
-1033
4237
-3021
6384
-1636
-3457
-3495
6683
-6098
-5086
9700
6050
-7592
-3610
-1112
-1295
-2477
-1941
7654
-9269
3666
24
2751
7940
-2111
-2888
9583
230
-3737
9699
4243
8951
3935
-8779
5334
-7701
1485
-8162
-7298
5387
-3247
-3877
5157
2882
2513
-2234
-4692
-6244
5825
-7039
-5512
3211
2985
7239
4872
-9127
-1929
4454
4824
4334
7874
-933
3284
1808
4009
2339
7828
-785
4177
-9470
-1678
-5350
374
-6521
7533
-3393
1245
-3439
363
790
-478
8572
-6000
-3773
9531
-7408
821
-2398
7047
-4355
-4344
8641
8433
-7339
448
6162
5000
-1724
-903
2897
2527
7420
7548
-3379
-5381
8801
3228
9585
-4639
-2689
374
8604
-4117
8095
-1449
-866
-9313
-6908
6736
-8546
2458
-3887
-9906
890
-1226
4263
773
-6227
-3741
-6410
6670
-7494
-5270
7938
-873
-651
-9542
-7646
2654
-460
-334
-3252
1864
9270
-5157
-9586
-1597
-749
-6493
-1140
4426
5965
4973
8241
576
-2533
2503
-4931
4961
8763
-1341
5351
-8732
3390
3289
4117
-3541
7468
6471
9114
-2992
-143
-4139
8872
-874
4425
-6993
-8750
-2604
-3486
3831
-8179
-3801
-1197
-6218
6775
9991
6286
-4436
4951
8769
4224
301
-6243
-2387
-2690
7874
7793
-1501
4345
6906
5507
-2078
-3512
8099
-9231
-5367
-8895
-7981
5751
1340
5850
-8708
7540
-1627
-4925
8035
-1637
-8640
-6401
-2966
-6151
-8457
-8945
-2394
2877
2087
-4520
669
-9415
-6455
1296
9813
1467
7784
-8369
2236
-3863
-7263
7976
-8113
7798
7546
-6820
9058
-4082
1976
-9187
8002
7057
-5588
-4965
-9095
-324
-188
-1489
-7448
-8102
7712
3221
-7517
-8744
-5484
-3984
6445
-3980
-2353
2401
5879
4105
377
7766
1903
1643
-5334
4681
7562
6642
5494
9284
3698
-6374
-1960
8324
3302
7852
556
5854
9750
-1733
2796
-4047
3245
-8968
1969
-311
-2947
-6664
-4190
-3348
7442
9908
-5583
3065
1551
2805
-2255
2833
3167
-6761
2116
-3135
-3135
-9845
-4812
-6112
8007
9465
-6538
-8524
-2268
6258
-2571
-9024
7291
-6882
4386
-1936
-3545
-6084
4716
-2383
-6176
-7147
-9319
5375
9379
-1574
1928
2546
5386
-5957
9411
-4028
-5801
-1681
-140
-7795
1505
3322
-2597
9237
3301
4832
-6067
4312
-8329
-7961
-3904
1847
-4045
-9189
9464
3500
-2615
-6135
-1126
-3236
2291
-9199
-6970
-2323
-1434
-3839
7370
2765
4480
-2771
8691
-4016
-9450
-3907
-1059
7572
-5354
2874
1883
38
8634
7979
-8116
-5411
-7490
-4932
8089
-104
-1067
684
-9620
-5056
5206
-6590
6342
-6229
-429
3711
-9744
-2229
-9061
8948
7477
-4789
-1239
138
-7218
3407
-3267
4666
-2835
-4634
6365
-951
3676
8876
7838
1765
2492
-3230
-3831
6593
1715
-4905
-9998
-1944
-1133
3294
-4512
2844
-5215
-3573
1791
-4018
5359
-5727
6121
8142
-8600
-3426
6528
-1434
1940
6613
7615
-4384
5488
5453
-8899
-2021
-4057
991
-5429
-8622
6086
-1706
3156
-1327
-4692
8644
-8483
3815
-1209
7029
9797
-5850
-8699
9638
-3988
-7298
-3789
-3740
4989
-8128
-7128
2603
1209
8361
1776
2310
60
-8560
-2979
8353
-7182
-3173
-3354
5974
5501
5676
8338
-9262
-510
-2871
7767
-714
1279
-7211
2645
-8989
-788
8856
-2729
-5800
-5552
143
-9477
5657
2224
6021
1687
-3995
-8819
8708
-5643
-6001
-4465
1003
-6306
-5244
-3322
-7969
-4506
9889
2881
-3019
2896
-2120
-230
-4460
-1109
-7298
-1884
9883
-3098
2565
3747
1147
-1779
-4030
-2833
9909
1975
-1652
-7664
6332
6068
1592
1056
-6518
6348
-8546
-765
-8159
-8657
-7885
-1177
7960
-4
-7687
-6501
8887
-4984
5336
8770
5639
-2100
6237
-3215
9843
-7794
7673
-6529
7903
-259
-4193
7955
-470
7400
2731
3012
3747
4186
-7754
9310
9250
-5638
1853
7209
8079
4166
-5572
-9315
-7098
9764
-6825
8542
1385
9412
-953
4948
-8382
-3280
8419
-6759
-9819
-2054
-8805
-289
-934
3927
-7277
-3466
1833
-5031
-4157
4803
3052
-8584
2011
1130
5582
-9841
5537
8485
-6357
8712
-9254
8749
8124
-207
3696
-6538
6513
5835
-3297
-9585
-2498
1619
126
6568
-734
2849
-3178
-5181
-8461
6386
9622
8312
7802
5353
3163
3384
5512
-1301
5589
-7124
-2590
6335
-8376
-4467
-3873
9042
2716
-3639
8597
-6861
-3224
-3902
8480
-9378
-3613
-2255
7193
3209
2565
8732
-405
5907
7043
-2604
1260
205
-5500
492
-7376
-9912
3368
35
-9857
8714
9289
-8
-8525
5726
-9927
-9929
8865
570
-109
7344
1192
6278
-1190
-1616
-514
-4905
-2885
-7199
-8999
-2121
198
2261
-8196
8419
-3526
-5571
-7772
9842
8185
-7629
-7725
-8807
6084
-6250
6919
6157
-2457
5784
-3274
7434
6848
7919
7432
-622
-3698
-3083
4473
7139
-281
9196
-1262
-6363
1456
4263
-7945
7930
-7588
-1996
-8508
-5683
376
-2512
-4489
180
1239
-7571
-3663
-7498
-8067
3063
-6344
-7498
981
-8913
1880
-8996
-1996
74
-8137
-8557
-731
4322
-1199
-9276
-1416
4578
-7625
997
-7419
-2412
5314
6678
5076
-5455
-3142
35
-3025
3195
2537
2629
-22
9914
5131
-5320
-9000
732
-595
2726
-9195
1268
4169
74
-4411
-3309
4519
7894
-8732
-9386
-1110
-2430
-1798
-2075
-2031
-3001
2470
4827
7034
-6835
1742
3292
9516
-4560
3205
4646
120
7927
-4623
9525
652
-97
4513
-1459
9977
-9899
5232
4496
7996
-9780
5110
606
1512
-2967
-7749
9481
4032
8443
8028
4786
-4672
3490
1798
-5157
8930
-1276
9490
2771
-3350
-1413
6016
7302
8491
529
-437
-7813
4351
-1484
6683
6067
-1264
5514
394
-6032
-7454
2645
-6552
-9702
4808
-4804
8805
-9864
8686
603
-5021
-8664
9327
-1811
4107
-303
-9503
122
719
8988
-5629
-9719
-8826
8723
-1203
-8422
4789
-8746
7092
-1097
-4778
-6642
-4731
2392
-2623
-9924
7588
-3819
-9788
6274
-9496
-1087
7610
-6449
-9178
5437
3248
-8681
-4442
-2313
-9694
3651
-2031
-4798
2373
-9514
501
882
-4539
1313
9786
4405
4671
-4946
-3204
-4232
-1149
-1896
1949
2785
-1902
6175
-8303
-4293
9726
-7481
-5136
2974
-6161
4144
-5619
-2134
-2206
6071
6789
-9834
-9722
1010
4769
-4261
-7678
4554
-6136
-9287
-6672
660
-3519
2180
-7515
-7849
-5036
583
8326
382
-9989
8051
6622
-5125
4745
-5819
9019
9127
5769
-3188
8918
6278
699
9196
-2712
-4532
-5065
-390
-6258
-1201
324
792
-6820
-9475
-7029
-4335
-3603
1656
6248
-5278
-4242
9980
-3506
-3900
-5145
-5041
282
-6127
-2194
-229
4407
-3276
-3952
-1174
-4081
3336
4294
4575
-3333
-8243
-6626
6991
2549
275
-8764
9241
9661
-2366
4617
9629
6077
-5905
9609
-7430
195
-5537
-2470
-5803
2057
9057
3968
184
-4220
-9984
9011
1700
3352
3304
-5
-9982
8782
7090
-9271
1330
-2636
-4313
4291
745
3321
-1093
374
3118
6723
-18
5689
-3082
8166
-3061
1115
222
-4005
-1196
-9594
5497
-1180
9417
917
-4108
6441
-9089
-368
8944
8002
4082
273
-914
9769
-1715
9832
6810
-9088
205
-72
7636
-6093
-663
-1726
-7928
9997
-6891
6015
-288
1913
6421
-4792
-5547
9558
9846
346
9720
-9243
9978
8663
-7521
7780
2656
5286
7549
-9060
5117
8079
-4426
-958
1727
-6791
2949
-5216
5204
8742
-5220
8313
4757
8214
226
4898
-2858
4679
8177
-3012
-1255
7896
1466
2443
-9722
7666
223
2934
2951
1492
7596
-1932
3291
-6831
-9170
-4982
99
7501
-198
-977
6242
8304
-2665
998
6517
-8719
-383
-6342
5961
-2207
4367
-1574
-591
-4168
-9131
-313
-2782
4813
-3659
-9831
-3696
-6064
1958
9595
826
2788
-1667
-5355
288
8136
3668
251
-9841
-5276
-5031
6676
-3995
4586
-5946
-4314
-3901
-7858
4113
5508
-2026
8703
-4806
8914
3515
1536
9083
9819
9193
4761
-6867
3740
-2452
1467
8385
-8443
3323
5774
1808
3482
-9503
6777
3878
-3498
5084
-8348
2189
-8818
-6206
22
6691
5490
-1276
-4395
4403
-7762
-9139
3485
-4223
-9946
-1755
-1090
3794
9514
-5903
5899
-5209
7420
5393
-9681
4622
5890
7097
-1501
-3887
5901
152
-7978
7083
7667
2044
7494
3156
-5512
-6901
-2442
-3274
-6040
-5237
6224
-5986
6729
-1146
-8472
6243
2952
-8852
-5246
4092
6541
-4926
-1286
2431
-4109
-9067
-7736
-8209
4806
-5714
8874
2473
-9950
-9912
-4372
-5462
-6813
3187
4985
-2853
-8330
1208
4883
8400
-6218
-9869
8363
6734
-8721
-6884
4547
7821
-1810
-6740
3972
7802
-5807
6236
9593
9000
-5758
-7813
1472
-5708
-7725
-9180
-1170
-4538
7728
-2465
6330
9399
-7537
1212
7798
-3755
5065
6160
-3300
6344
-7004
-8754
7885
4908
-5494
1856
2709
2420
1812
2302
5140
6054
8210
332
-5934
-9516
1153
6617
-333
-1120
-5849
-4004
1999
-3386
-9071
3517
6581
5994
3397
-6720
6058
6394
-1753
3943
1301
6474
-481
-5991
-1107
-8669
-9969
-2246
-8895
8241
8086
-4828
8725
2959
-8212
2112
-4440
-339
8109
7559
6275
9038
1076
6576
8752
-5528
9856
4809
-5414
-1898
2472
9608
-5425
-8009
-2662
7190
-2957
-2631
-5057
-1852
-669
-3251
7041
1776
9709
8830
-6112
-1011
2211
-8004
268
-1515
-5246
-4936
-1218
-2774
3258
-1363
-7966
7844
-9540
8228
7452
-1244
-9782
-5211
-4055
-2739
5879
4609
5409
-4791
-8642
2450
6986
-5213
5000
-9127
3776
-2790
-3410
-2236
9416
1344
2829
-1803
-7710
-3914
-9445
-5676
-2350
-8985
-7449
-4899
3492
-3510
3611
9438
3751
-510
4046
2881
8420
9125
-949
5405
-6089
-2229
9999
-8593
4981
-3412
2893
8117
-8348
-4279
35
-6058
1807
4311
1988
-6823
9047
8260
2000
2538
-5250
-4390
1975
-7779
8821
-258
5102
7241
-1134
-5848
6366
6499
1923
6365
-8374
624
-3327
4519
2462
-1674
-6040
-7504
5989
9488
6807
-2024
-7335
5853
-3764
4665
-1610
4707
-6005
-5914
6928
-7184
7549
2030
-6223
135
9903
-6137
354
1826
-6052
1981
-3830
622
220
8632
-7332
4181
-5152
8657
7389
-4625
-3367
-9947
-8773
6590
8439
3339
1296
-7566
-8855
-1777
-1029
8694
-9748
2748
-1172
-6124
-9669
9183
5702
-5720
4884
-8129
8623
-1176
-5776
-8710
-3275
-928
-6333
-5886
4448
4021
-5833
9396
610
-7394
6455
-8095
-1239
7600
3850
7732
-9987
7823
4200
-1158
-8302
4531
1745
-8880
-7469
349
-3287
-8847
9173
937
-3836
-4102
-6271
3553
12
8177
-2427
7900
-8707
8184
-5774
7748
-6191
6708
9069
-8621
4439
9082
9203
-1362
1644
-5379
-3110
-2891
-4258
-579
7458
2455
4296
6631
-6609
-5820
-3751
841
7733
9982
-982
-973
-8399
4032
931
-4172
5500
4740
-7465
4568
9841
-9305
7371
9043
3054
-986
-6337
9944
9845
3126
3086
7302
-4420
1102
7653
2692
5282
-6099
-6467
6736
-6118
6272
-4238
-795
303
6693
5033
-4198
5153
-8712
-5909
4993
-4296
-8539
7756
8759
4196
-4860
-7578
4040
8266
5508
5063
-2433
330
2715
-9742
-4388
-9663
-2488
-3932
-2060
-6217
5551
7145
7807
5964
5898
-2670
1116
-9093
1421
-170
-3389
6603
1306
-4631
4519
-9834
-2208
2280
-7847
-2980
-2658
-280
7351
-6223
-22
-3317
-5886
7491
6472
5776
-5006
2022
2920
-7199
-2015
-1182
131
-7179
-275
-4728
6372
6336
-4405
-2322
-4574
-9887
-2156
6939
2393
-3
-2321
-6545
-6563
-4971
954
7137
5433
5068
8348
1904
843
-6659
-2354
-2516
-137
5631
6302
9994
-7827
-253
-1014
8545
-197
4581
-57
8950
8416
7788
5888
808
1505
-2712
7985
4943
2317
-1062
5800
1471
-2274
4147
-2905
-7710
7488
4742
-226
-2649
4093
-204
1065
6266
-6737
-9949
4811
3066
8353
-5247
2016
6768
-3739
1624
1297
-8513
8912
-719
-9850
4950
-8061
5950
141
-335
96
7236
1955
1304
1977
-4551
8655
-3930
5245
3441
-3944
8508
7213
-5413
5295
5565
-659
1031
2333
9323
-7346
-6371
-5470
-4713
2910
-5320
-6043
8570
-5650
4098
-1766
4446
1333
-6090
-4250
-2969
3080
-1875
6822
2046
-4714
-7123
4274
-7502
-2535
-432
8064
-9474
-9402
396
-6431
-3026
4025
-1900
5982
655
6501
9939
2945
-9149
7757
-5101
5297
-911
-1191
-5233
9841
-4390
6614
6662
7656
-4380
-6740
1929
-1881
4446
-4782
-3818
4972
-463
-9702
-7739
-9769
8044
361
9934
2419
583
9872
-4637
1434
-8652
262
451
4159
-7208
8940
3999
-1598
9274
4382
-222
-5107
7642
-4573
3012
2087
645
-7086
779
-6097
-6788
3040
-2145
-5024
-2878
-2211
7395
-8575
1381
-7243
2859
2730
3020
-2970
-3112
5812
-4031
-5393
-2066
-4758
8989
7712
3857
-9650
-6862
-3132
6158
7505
-217
-3064
-4872
6716
-6303
2983
-8308
4540
-9229
9087
5965
2153
-4435
2544
-1397
8585
9574
9212
4396
-736
-6182
-7671
4506
-3472
-6239
-1638
-3122
620
8952
-6964
-1876
2455
3693
3252
2891
-8890
-44
4583
9371
4448
7391
9056
321
-7045
1599
8924
-4740
4894
8135
-6624
-5843
-8047
-574
-7617
-1519
3187
4467
9080
-6194
3418
-4164
5652
-407
9530
2624
-7517
-5640
-7421
-9213
-6269
7028
-8102
-3493
-2652
-1426
-8173
-7
3834
6721
-1873
7210
-9123
3801
-3365
-3019
-3998
-6458
-8553
-4918
-2652
8586
918
-3280
-1822
4168
9345
4383
8529
-8077
8891
-4020
-7329
-9212
2487
3741
-638
4314
-6267
-3084
4755
5581
-5875
9353
-618
4481
-3666
5384
8023
1502
-5814
-909
88
5105
5812
-8014
-728
8877
6369
1521
-5480
8980
-8779
-2808
9768
3709
-5347
2850
1743
-1614
9766
-3502
-6034
-2389
-429
7069
-7909
5905
6174
-6166
-2593
-9641
6647
-8785
5464
6179
-6799
-1543
5055
-6709
-6302
-6705
-7730
-5080
4208
-4241
8629
8861
8609
4092
967
8375
-5690
4934
-4015
3882
5723
1798
-214
1896
9353
-9087
2256
5999
-7872
1440
5898
-949
9897
4673
6063
-6405
7969
8333
-1485
2176
-5909
864
4758
-3579
-1324
-4276
-5205
2987
-5622
4501
589
-9899
-3702
-9626
1997
-628
-4991
-2027
-909
858
9414
-5011
9909
-6970
-6618
5971
346
-8650
8025
-7419
7248
-7885
7166
2005
-1464
-4158
7729
7052
-7451
-7893
1553
3138
-4071
-8429
7233
-8354
943
-7759
-380
-9966
3100
2754
-1256
3008
9505
2126
2700
-149
7198
724
6153
4445
6560
3319
170
-1183
-7119
1619
-4132
-4570
7447
-8859
8568
-6625
-3566
9521
-4978
7377
-8238
8363
-8869
8583
1116
-125
1590
620
-7999
-1990
-5809
9199
8734
-5935
7364
9015
7384
-2467
-2169
-6015
-7128
7420
-585
-9681
-7718
1703
-6306
-1284
1223
2437
-3908
6706
799
945
5288
-4365
-9181
599
6256
-3459
8609
-5833
-540
-8937
-1768
-3177
-9923
-664
8077
1629
3321
-9051
-952
-3544
-5011
1330
-8121
-1317
-9955
6824
-8880
-141
3529
5640
-9197
2538
-8725
-4657
-6864
-8749
1885
-4535
-4582
-8656
-3472
7372
1889
326
428
3686
-8046
-2530
8356
1003
3926
-6656
-3947
9527
2028
-180
6350
6869
9679
3599
2508
-5798
-3864
3783
-455
2993
5034
-4850
8459
-5827
216
-1293
-4735
-4175
9034
5693
9511
-9013
-6838
-8413
5711
-9191
-5069
-8236
-5944
-9321
1584
-5874
7548
4983
-8555
3777
9185
-2418
1280
2450
-5705
35
7601
-7247
7929
1537
1461
-6807
7362
494
-7394
-9408
5202
-510
-7821
913
4020
-2889
6398
8076
-2210
-2019
-4078
-941
-3316
-2633
-3444
-411
8670
7836
-7962
-7035
1591
-6641
-561
-481
4896
-5380
2712
5978
8835
9040
6571
4037
-1471
8750
-1330
-7452
-419
-4933
-5656
-8908
6769
266
151
-6548
7633
-9573
3041
-9977
8263
8800
-7012
-146
-7841
6148
-6907
-9225
-9232
5806
-9526
9603
4845
7045
7360
-2906
9515
-3971
-358
2817
4817
7707
3909
1585
-2028
-2220
8758
-675
-1793
1798
-652
190
4319
6057
-6236
-9802
2205
-3142
-5306
6694
-3616
-4832
-9984
-5051
-4067
7377
2043
-831
-2874
-4595
-8015
-8057
-6889
5894
7249
1083
-6327
6007
-5872
1880
1525
3477
-7931
-4157
3254
-4166
-238
-4542
6413
4457
-7849
-7204
9625
-4111
-2255
-4442
-6735
9788
4727
4112
-4808
-9568
9776
-1697
6326
7025
-6894
9999
6752
-2766
5599
1997
-5569
7668
-8439
7686
-2778
1323
-3136
-2645
-4221
2737
151
-875
8626
-8384
8404
-4389
-4876
6851
9723
4037
7283
-6781
-3940
3608
-9757
-834
3606
-9285
-9879
2925
2712
-1727
592
7994
-321
-8465
-683
-9736
2611
8817
3001
-7238
-2059
5347
-1901
65
-9043
3224
-3085
-5600
-2740
-5803
-2381
3321
7805
1583
-3793
5131
6019
49
-1945
2452
8323
-7632
445
1722
-2376
-6518
1986
-9766
-7701
-5014
-3283
3961
-5947
4817
-5974
-4990
1761
941
3132
9021
8860
-5529
6062
6664
6055
-7731
5516
2073
2318
-6430
-5476
4361
-341
8691
-3917
7283
-7828
8069
-8762
-1808
-3224
-2045
-4126
829
-3508
-100
9561
8253
-5439
2692
-9006
-2859
7163
7056
-2474
6938
9325
-6959
2732
5364
332
-9024
-276
9992
9667
9528
-9006
-8161
7597
-4047
3752
-1907
7630
9626
8922
-5879
3246
8482
-3905
-8472
4894
-2911
-1331
5778
-5856
6195
6436
-2810
9236
-833
-7447
3289
144
5998
7001
3531
5526
7995
5370
6843
-2331
-878
-5065
-4702
2468
-2423
-581
-4286
-220
5514
-2758
-5327
-7398
5911
-5829
468
2106
-5672
7658
5062
3495
-6069
-1650
-2641
-6351
-4650
-9110
9175
-2934
9981
9738
4735
2823
-5328
-9968
-4709
5971
3172
1005
-4250
2407
-8033
4144
8730
-8402
8316
-803
7425
-7357
-3146
2487
9859
4506
-5443
-2782
8156
3629
1829
-8950
-5585
1809
-9212
9150
-5368
-819
-7098
3644
-4849
9795
-1631
901
2201
336
-4955
931
1934
-2919
-6152
-641
3445
703
-4434
7024
-1071
123
-5759
-2916
-2528
9791
-1865
1887
5321
2644
1036
-6327
-8176
7659
7317
697
-8826
-4315
-8403
3375
9742
363
-1974
1675
-8836
1875
-5246
4609
-3702
320
1633
5227
-5836
9595
-3968
1636
-6894
4167
-6477
8427
-3190
8280
-7901
2355
9660
9416
-6949
-9167
-1179
-1630
7929
-1438
-7547
-4045
-6043
-6382
-8450
-1288
-8053
-2152
-7248
7301
-3205
-3084
-9384
2827
8553
-6278
714
-4204
-4131
-8756
-5925
-2032
3600
-2545
1104
6651
-1712
-6355
-1259
-3783
5928
1195
5893
9885
8534
-8837
2317
-9520
-989
5070
-8498
9527
-8015
-4161
6075
-5742
-439
-3212
54
9151
-1967
7851
839
-8368
-4695
-4337
-7997
3594
-692
4466
-6469
-4765
-4340
-6856
-1160
-5807
-5693
-8843
-1606
7039
6227
3617
6565
-8068
9456
2639
-3809
2737
-6852
9966
1887
1181
7816
-7275
6534
-3158
2109
-7743
-9565
-8584
6723
-2313
372
-3897
831
9213
296
5138
-5910
-7589
5897
-5963
6028
2461
-4031
9205
-1179
5881
1941
5690
9568
-2451
591
7383
3995
-2876
-2055
-3896
3102
2101
-2480
-175
9788
-8387
5928
4339
-5454
-55
3197
-1364
6077
-907
2673
5825
-8446
-7638
5029
4096
-8036
-3030
-215
-8469
4519
-9625
-7366
-1487
1220
580
8338
-1958
-7320
-4142
7867
-3811
1192
7516
-9473
5738
-2540
3725
-5627
-2743
-7183
-9234
-6919
-1908
-3151
8111
-4092
2534
-1199
9414
7786
-2960
-6491
-9580
5553
4729
4721
3891
-7229
-8879
-6531
-5642
-2690
4661
-8127
1559
4119
3054
-996
8492
-9690
1821
-7022
-6608
-6366
3548
-4777
-458
-3918
4024
-1044
-2412
-8937
2465
-1992
-9664
915
-3551
7948
7407
1292
-8584
-4515
-7678
9798
1080
3881
3916
-5867
-7116
6128
-1835
8427
-7174
5278
-7940
-9905
-9500
5323
-102
8245
-5722
7486
9308
-9536
-785
9644
5100
9385
-8688
6227
676
-3551
-8289
2999
-32
2791
600
-6117
-9355
3485
-6268
2531
5632
279
-2192
7692
4095
2029
6735
-6008
273
-8987
-8522
3301
-4802
4414
6665
-5982
3798
7977
-9756
-5526
-5574
-8045
-8807
4394
8468
1793
-8003
9113
-1002
-550
1643
-5371
-6550
-6829
-3959
7545
5200
-7224
-8463
-807
-2490
-3264
-7507
6429
-8851
-7122
-9554
4947
-9145
-9310
-6859
-998
-3634
-5666
-2884
-5167
9849
-887
-6055
-1154
-7716
9309
7197
-4266
-7521
-3042
-6722
7679
3455
-1464
592
-5315
5272
3085
-8887
6421
9685
-4720
5089
-9461
-4030
-8050
3262
6058
-3715
-9623
-9110
-146
-510
-5164
-7580
5495
-5856
9617
-8772
345
296
-1772
1744
-2529
6764
-7664
2157
5757
9142
6991
5898
8826
-7729
986
-6915
1962
6658
6347
-1981
-7058
6724
-1090
6517
-65
7467
8937
-4571
-4669
-7726
379
5676
2570
8607
-2580
-6239
9091
-244
5918
4847
2618
2909
4466
1444
5180
-4549
4529
-2859
-4171
876
8882
2492
-2401
-2209
-992
-8746
-4743
-2055
-3316
588
219
7063
-15
-3491
9390
7405
270
-7800
881
-91
7048
-6502
-7183
1513
8663
-8283
-9316
6913
2579
-3486
-2212
1460
9006
9108
-7029
1735
-9638
1949
9680
767
-7463
3619
1550
6243
-6152
939
3647
7839
3139
-1752
-2253
3907
5467
4285
-860
7851
6002
-175
4763
2302
-9941
-3729
-6239
-7215
-901
454
4520
3182
-7598
7920
-6052
-1340
1538
5498
-5098
9107
-3564
-7731
6946
-6704
517
-5308
7203
-295
8978
64
-2445
8700
-6391
-3962
1001
-6332
2309
8484
174
-8593
-1063
-1585
8311
1339
-3666
-7742
10000
-8407
7757
-1378
-9301
-2087
892
7645
4930
-4871
-3942
5854
8555
-1244
-4083
-3891
1176
-474
5868
-7823
6915
-1824
-5619
809
3305
7039
9224
1615
-1623
-721
7594
2097
872
5350
-5560
5292
-3016
5332
6658
-4366
-5819
-3564
-8513
-7264
5192
1125
2566
-3633
-9350
-1566
2265
-8715
-9670
6646
2095
3635
3684
5039
-1030
-4218
-5683
-3436
-8401
8910
-4366
-3961
4202
2618
-4909
4580
-8027
-727
-8985
-6540
5730
9928
8307
-1705
-3706
-7323
6729
-7720
-6037
7060
-7354
9779
4415
6331
4817
-6615
-4167
-7145
-51
1153
-8236
5583
-9087
9687
1922
-3996
4266
3895
8998
9002
-8925
4727
8929
9382
-6978
-4777
-7941
-6529
1224
-257
-5749
3870
-479
8667
3921
-1942
-7949
9754
4634
5721
4628
-9881
5024
5541
9806
-3055
-8456
7793
-5440
-5737
6794
-643
-7290
9444
2459
-547
-1613
8239
2925
9611
-2019
7176
3480
-8778
9563
-2599
3002
-4666
875
-2365
-5225
-4498
-2246
9800
-8958
1281
465
-3692
2794
8747
4292
3308
-1897
7002
2751
-5718
-3545
-8863
-7479
-6900
-9253
4223
-6004
7949
9167
-6441
-930
2168
2614
9945
-6477
7390
-832
4999
7189
3931
0
1374
-6041
-7207
120
8251
6101
8223
8974
-1148
-3774
-4572
3710
-1253
-1472
8179
-3310
2524
6127
-4144
9804
-4804
-8256
2418
-1139
-1011
-193
-8251
-6013
716
5681
7708
-7911
-6640
-9500
2210
-4668
-9679
4153
-5695
2894
-9622
3454
-3396
2846
-8019
-5218
9537
8226
-5371
-4608
8030
3546
858
4168
-3873
9847
-6026
-2123
-2446
8411
-2722
-4739
-9501
4359
-4239
6430
9691
-197
4304
-6005
-7303
8403
7449
3022
1249
-6850
7804
785
-8624
-3847
9898
-6874
9699
4476
7294
-454
4322
-5012
-8857
-4404
-6602
-1579
857
-2382
-3499
-9662
-5952
-3809
142
-7928
3908
2839
-9526
5077
-4140
1723
8228
-2616
-3772
-6676
7258
-153
171
-9324
-5678
-2536
222
-7635
6173
1366
-2039
9571
-6493
8819
909
8
-7123
8678
9921
3019
-9251
3828
-422
-8776
2625
9159
6668
4573
263
-7104
7897
-2480
6464
1788
1917
-9215
-7028
-7861
-3129
9145
7226
4833
-7565
-9268
7372
3345
4462
-9752
2022
4382
6989
2772
-1791
287
7717
-5446
-554
4384
9128
-6571
-9000
7024
4671
-8816
2533
-3413
-4309
5505
-1274
2562
4650
-328
-2606
7085
405
-1514
429
-1413
-1265
-3828
-7032
-4277
-7336
4898
9731
-9620
9452
-824
8485
8579
6327
-6794
9324
997
-5610
1856
7584
3802
-2640
31
-3636
-4270
9703
3758
-7185
3828
-4035
6965
-7586
4700
-3143
-897
-5857
-479
-6000
-6127
3622
-2827
6771
5828
-4249
3097
-7246
-1205
-2186
865
-9350
-882
-5333
1732
9149
1031
7462
-7428
-1491
-6003
-9880
4474
-5317
-7465
2894
1540
1638
7037
-8939
9360
-5369
8404
-3468
-4878
4231
6004
-8061
-9295
-5201
-247
1571
-830
8871
6238
-9099
-8260
989
-7916
-1967
9498
-3919
-1847
7693
764
688
586
-7696
-3953
1344
-2914
-873
9696
-790
9380
-5183
-6559
5383
-3244
-2133
-6098
-9771
9438
6794
-7180
9396
7695
-5440
384
-6501
2593
3603
-419
-9254
1295
-5935
5155
-4399
90
-5078
6945
7176
7770
6640
-3614
7149
-4823
3548
6253
1933
-8586
-9846
5883
-5427
-9332
8704
-2311
-7916
-3016
8074
-4417
-6702
5397
5164
-2235
-3309
-7050
-7081
2292
3040
1563
2958
216
-668
3318
-9678
-3519
8496
7591
-3546
4149
-7275
329
32
-2702
998
2456
4988
3082
9440
6782
8665
-7263
2178
7550
502
-7411
-9501
7143
8602
3539
2426
1559
-2525
-8243
-1402
-2203
1959
-2907
-4613
8413
-5038
1834
-1258
8715
9132
-6540
1170
7840
6542
4331
8342
5206
-9212
519
2755
5012
3108
6975
2154
5431
514
-1700
-3011
-8291
3778
5587
-493
-4263
-3600
8615
-2130
1363
448
-9668
3798
3301
-6208
-5032
4861
-9667
